60667
23404
8625
32359
25944
62212
61684
12075
65468
53994
42014
64386
37457
48937
3117
17343
23590
33520
59158
23302
40970
64158
46447
20377
62611
17952
3175
19746
22435
43414
61493
31665
60979
46229
30568
52722
29732
56211
4312
19127
14740
18448
15915
20339
13451
56065
1530
19516
16306
31236
42347
6634
61013
556
733
38560
6418
44878
30310
5660
25626
43509
45492
40157
36505
60005
37268
25034
3519
17573
7885
63121
63877
63854
27076
31613
6250
7869
58685
762
27935
53657
41094
1129
44979
26874
46488
4977
14266
9990
12530
22697
3337
7659
53367
20761
46812
18663
59632
14134
35140
32711
26768
26663
32296
21262
29699
49773
13184
59104
63964
5604
46194
65014
4142
41514
33721
39853
46130
17751
12631
33414
58335
51889
28414
3924
9424
52719
58547
37621
25968
49349
1050
17104
51531
19645
32443
60460
64658
52441
32556
24803
36374
57607
1833
39140
40931
59459
50612
61522
7681
48937
6702
17017
39394
17678
60202
15092
20093
12204
61752
22444
65006
4073
23399
58805
42298
54446
51220
19425
74
26562
32979
62213
17476
773
31232
35776
48751
1509
56413
19597
23991
44034
17433
3406
14903
22992
22588
64692
34336
61992
43794
38140
5605
57351
23743
42036
4716
20888
504
43698
14247
57034
6675
62054
14981
43037
28118
58875
64831
8946
25450
27567
10017
29231
23358
50160
1829
12084
9284
40761
28577
56589
59978
47679
47918
16173
63427
54253
5430
54485
2760
55042
14152
60647
13058
42255
44627
41570
61410
34567
53680
4
46517
17646
9310
54956
20403
35239
52659
40689
8540
43349
26699
42289
59740
46984
62375
23338
21436
13861
147
15122
54605
51662
51693
57573
11645
42499
35079
31035
55446
35737
23986
30476
5633
34460
42802
56743
58362
5097
28917
41007
39292
39464
59437
63249
8997
5641
14346
7211
57488
56250
1501
41093
32241
12800
51521
41779
37372
11751
54076
26741
48561
46009
28692
35296
26453
63990
32338
21510
8592
31049
32564
53902
45262
3950
36513
43047
60495
23657
41722
57840
57379
47569
61505
12602
36495
29028
20446
10625
17334
50975
20980
53980
8832
30910
59679
54753
27907
4784
64494
32894
54748
7914
35786
4516
38360
54380
1241
63970
60821
17919
22907
4776
21523
25070
6021
36511
8946
26919
14756
26892
9916
41621
16416
52297
16141
25748
28341
11476
43623
54996
21740
11254
7855
20273
34485
28303
42908
57901
39797
32512
30721
59080
34656
54920
22266
22157
19825
15452
60676
42841
6170
33525
27341
16382
25787
25985
56542
63519
43521
41895
6396
27397
15449
46467
33024
43035
36830
14977
57794
31098
30281
27099
59600
45088
63984
61402
29717
55257
27691
28515
41876
47066
34104
12930
32660
35781
27395
62422
30977
23655
10774
23951
65177
39035
65297
38590
1941
52902
40274
46262
1933
51729
65227
43821
56789
26317
7979
55186
16868
41690
16629
49377
60066
16559
30673
51905
53083
27317
8757
42322
23176
20750
43998
54736
46188
13975
44508
50917
58557
11461
61293
23986
46572
62811
10237
58494
7179
7610
35345
21429
63860
58549
6111
62424
21616
7375
23081
29221
52876
29037
15728
38851
45834
31247
59149
59298